3.482129275798797607e-01
1.410945504903793335e-01
-1.150391101837158203e-01
-3.586193323135375977e-01
2.702203206717967987e-02
2.335123531520366669e-02
3.614464402198791504e-01
-2.467943876981735229e-01
1.824407875537872314e-01
-3.249875903129577637e-01
-1.228148937225341797e-01
-3.143189251422882080e-01
3.038010597229003906e-01
-1.735146194696426392e-01
-2.302873581647872925e-01
-5.145877599716186523e-02
3.228060007095336914e-01
-2.478051632642745972e-01
-3.450420796871185303e-01
2.631565742194652557e-02
3.749726712703704834e-01
1.810476630926132202e-01
2.831178307533264160e-01
-2.053864002227783203e-01
-8.126854896545410156e-02
3.113372623920440674e-02
-1.860798448324203491e-01
6.980581581592559814e-02
2.076391577720642090e-01
2.325653433799743652e-01
-3.483260571956634521e-01
-4.831155389547348022e-02
